9611
9142
24049
12965
2890
8847
27897
2627
27174
9181
23018
1429
16792
24417
26330
8287
2117
13458
22965
10756
20407
17524
15413
3310
19555
15676
28081
2930
8103
26994
2052
20995
1286
3807
4490
22143
27532
17607
8876
13235
8741
26609
27334
2331
11599
16726
25977
23236
8928
23873
11026
22943
4960
8926
22209
15073
7455
18963
25160
2507
10215
24747
12255
21026
6036
24615
15058
21223
10681
22679
14251
851
9805
28206
17370
1378
4800
27269
10965
14645
16624
4275
11131
27967
3206
20239
9888
17801
9012
11565
6758
28543
4031
17139
17502
3028
3182
2310
10439
24760
10702
11248
18858
12745
22332
12421
10669
23949
8450
26926
15184
10989
25327
22559
16385
11939
28001
6260
22839
19968
8035
8747
15068
27156
14484
7274
23503
27803
16506
22769
1282
11264
7508
27086
27364
14736
17483
19432
13044
9056
8665
20859
18026
15071
12025
16673
25800
10563
8993
7442
7533
11171
6187
25861
17837
3711
10679
4927
14749
1400
28363
28859
5743
11036
12324
21010
21295
16158
3449
16887
25095
12564
13444
10551
21243
24638
18551
26712
26135
2435
18132
23071
28905
13295
26215
27728
18802
7183
13413
27029
21928
8810
4883
1636
20297
24775
4364
18875
28269
9110
25285
6642
18012
15621
11601
4405
13483
23925
11793
5432
3299
11192
12002
12896
19365
9729
11875
14145
1720
6945
7747
26502
25378
6177
26329
8646
14828
10657
646
28103
25287
10910
5876
11410
21008
10948
22842
20720
20640
2835
20346
21272
619
5579
27469
25833
28744
8334
22190
13408
23107
11961
6487
8362
18671
17394
25281
22579
14484
10620
8611
5963
16613
23277
26407
9703
1266
3978
20282
18881
17814
11983
9409
29589
3727
5129
14924
14480
17317
25296
24412
25412
9831
12438
11433
16208
19605
13330
18535
23175
3777
13292
10063
16574
6814
22250
9821
3724
28707
22564
7274
12784
10042
26030
3820
12932
17028
3392
25923
6441
13508
23526
13083
21924
6486
843
10391
29026
20106
27839
21874
7366
15895
9050
14565
8449
24818
21859
25384
9007
10363
1871
23114
14776
27708
2687
1250
2901
27777
9031
5468
23885
1436
14650
13007
4866
11711
13102
28743
20668
12366
16320
9941
15725
3110
6876
15007
20356
27835
11971
23999
17733
6759
21539
19362
850
25069
19544
22147
2125
7889
27679
16302
26844
8074
20256
4290
17224
5213
21723
26410
10333
11717
23644
20327
8161
15761
9488
23210
12194
10040
3204
20000
5004
24626
8946
15646
7911
13203
16730
9159
16226
4924
8325
15819
7590
22598
16877
14864
27734
11119
26839
20031
17618
26767
2201
24985
21340
12624
2431
27679
11704
11798
11026
27841
20880
6355
19500
8456
3863
15397
21966
4385
13686
2874
1639
27838
14002
1294
10683
5980
19907
4105
2004
14045
3211
9339
21642
18664
16946
25479
3510
26667
1229
9752
13165
3779
3713
20786
21859
15978
21301
5272
27335
2072
4246
19508
13446
26818
27698
13810
991
11447
4348
23993
25372
7352
2344
8666
5631
678
19059
24447
14970
10793
4481
11378
8512
5092
16743
5556
23176
3999
17539
21363
24681
17007
27889
24908
6403
27515
1658
26505
15571
18721
11181
20967
8433
4790
21263
10366
25891
12065
11225
5035
4014
18427
10258
24231
17248
10046
16168
21760
21039
25244
28621
26127
15332
17184
27364
876
19395
26160
14405
4111
22096
4187
14085
17000
21689
10009
12073
21165
24493
11699
26189
11193
1584
16661
12675
7556
28453
10749
7097
13404
24852
5442
21536
4608
20151
19793
8498
961
4644
7925
12312
24663
21955
2029
2881
14212
27898
23906
4854
10488
28822
8138
27004
9503
1320
19759
20329
13819
26053
24488
28665
14696
8326
18102
19340
22489
23490
1512
6419
3307
5838
20654
13903
26102
13735
1412
9307
9030
7021
25762
26810
4304
4238
8773
2100
11898
22116
24801
18123
9495
6987
21732
12974
13724
28903
4917
21215
14403
28080
4442
27479
13124
17107
3978
7231
13367
1199
24310
5544
1317
3670
3394
1948
3085
1006
24765
13874
8134
21499
4070
27897
1942
2284
25284
22312
14631
26301
22293
2959
6681
7328
16003
10669
10995
12424
13845
22535
17285
15733
8449
25150
19617
12182
15077
17656
5018
22905
2549
8615
26563
3669
23373
9449
3879
25811
28698
20317
2544
2193
21046
4356
6373
4288
4234
5832
22610
22976
13823
23622
7980
9011
3379
19842
10643
27919
27372
11636
22605
3623
27302
17391
27890
24086
26424
4183
24968
15562
8350
19476
1632
4712
17964
13117
6416
17441
7629
13866
26050
26678
16177
10176
12714
8340
15332
21949
9532
29176
27516
21809
2433
10622
13537
15883
5695
26548
9114
15712
22282
11170
25825
24109
13217
17813
5664
27844
15030
27652
14887
13248
3169
5546
9523
3048
11011
4232
28666
28198
16976
4267
1633
15550
28804
23919
4688
12365
6746
24847
17084
18526
28830
7495
16073
5016
14259
2990
26218
8205
27806
28181
3083
22913
5380
5859
13520
18528
2954
14988
1252
23973
6962
1758
1032
6893
14054
3013
6212
6507
10806
3053
13726
23516
3255
3352
15324
15423
24044
9009
5795
20677
7680
3487
14479
9602
24867
21009
12717
20125
29148
9305
25262
17540
22225
29572
18720
15772
12874
1672
4342
18471
15571
6003
15627
7644
2906
14034
17812
26271
15038
26796
5737
1951
15433
15963
28922
6292
11656
13512
5113
15153
18847
29553
5221
16069
14489
13824
7277
15266
18624
9750
18029
1283
11894
28978
11816
11701
23317
10273
6382
29097
21555
14927
22127
20914
1986
11164
11641
2808
18113
18049
17025
23158
2150
6194
655
16955
21685
4468
7169
17461
27925
26335
16113
2043
2829
24730
15991
2045
15312
4814
17601
20249
26954
18214
4288
5935
24948
29279
1630
6473
24516
16306
12292
9834
10133
25198
4235
8185
12313
18693
25928
10989
24123
6162
18524
9075
2306
20604
3670
5396
13480
13435
5915
3236
22491
14356
25378
20886
7195
19393
22377
25458
2788
27384
13464
2173
11227
19961
6487
24341
15625
16732
11335
23561
2462
7888
23971
24696
6155
1487
15509
13536
17369
14550
4969
27801
13770
27035
5111
29224
9314
5396
7330
15638
10603
12305
21537
2365
1637
3246
23900
5770
7101
19906
15174
15805
12917
8487
18766
2884
20832
10885
2294
15523
4963
10611
1190
3591
8748
12683
9314
2832
7228
3731
2055
27086
8406
4639
27518
11750
13007
8426
1722
8131
3749
15928
