3357
3182
8356
4491
961
3087
9689
867
9363
3218
8005
463
5789
8427
9084
2856
686
4603
7947
3722
7073
6003
5250
1117
6756
5384
9781
993
2815
9384
679
7283
420
1278
1506
7592
9553
6064
3073
4596
3011
9207
9437
775
3990
5724
9010
8028
3052
8236
3828
7950
1676
3052
7660
5214
2544
6549
8702
863
3533
8537
4200
7290
2078
8510
5234
7400
3698
7816
4902
248
3395
9844
6041
438
1619
9483
3842
5063
5736
1453
3885
9746
1081
7084
3437
6203
3081
4025
2321
9958
1355
5948
6113
1010
1104
790
3666
8610
3646
3927
6484
4331
7730
4325
3722
8311
2891
9427
5217
3793
8846
7801
5734
4155
9705
2111
7891
6845
2750
3005
5138
9393
5031
2474
8143
9594
5687
7908
403
3896
2576
9405
9551
5062
6061
6750
4549
3143
2961
7215
6326
5168
4140
5764
8980
3609
3037
2574
2552
3834
2135
8953
6128
1236
3684
1677
5125
461
9865
10062
1956
3768
4256
7324
7325
5613
1144
5921
8673
4287
4634
3660
7344
8607
6416
9247
9101
803
6312
7979
10072
4584
9042
9608
6496
2432
4645
9329
7600
3027
1670
542
7094
8547
1482
6501
9812
3101
8875
2263
6250
5321
4003
1470
4606
8279
4128
1853
1094
3894
4141
4466
6655
3355
4088
4864
587
2348
2658
9171
8763
2114
9126
3006
5096
3649
185
9815
8718
3761
2045
3889
7330
3852
7898
7149
7125
957
7053
7380
172
1888
9548
8917
10073
2855
7749
4566
8020
4097
2205
2848
6483
5994
8749
7795
4991
3645
2963
2042
5759
8094
9104
3330
392
1327
7075
6424
6139
4097
3266
10191
1246
1749
5173
4994
5954
8803
8506
8797
3388
4264
3992
5679
6821
4580
6439
8046
1265
4562
3431
5736
2315
7692
3398
1272
10000
7819
2487
4418
3453
9007
1300
4479
5917
1128
9010
2223
4636
8138
4528
7656
2221
255
3582
10004
6971
9560
7554
2540
5496
3102
5000
2918
8562
7567
8891
3127
3558
633
7963
5068
9621
898
395
967
9563
3117
1904
8281
447
5093
4455
1649
4092
4507
9945
7085
4251
5629
3386
5476
1048
2360
5192
7057
9630
4144
8185
6135
2300
7532
6676
249
8650
6755
7752
705
2710
9606
5664
9267
2772
7005
1435
6000
1808
7580
9203
3537
4059
8190
7125
2771
5443
3245
8044
4173
3421
1053
6900
1736
8555
3073
5444
2707
4558
5797
3198
5712
1639
2891
5459
2619
7860
5860
5124
9670
3808
9324
6943
6079
9278
730
8604
7428
4364
808
9719
4021
4065
3846
9568
7231
2177
6758
2903
1281
5338
7605
1483
4715
969
518
9725
4868
436
3694
2050
6857
1398
665
4861
1070
3187
7549
6491
5887
8778
1204
9261
376
3381
4569
1252
1259
7227
7604
5528
7375
1811
9481
669
1456
6697
4596
9375
9621
4763
298
3964
1445
8310
8780
2506
766
2975
1947
208
6636
8454
5164
3684
1497
3938
2916
1734
5809
1930
8038
1360
6067
7455
8581
5966
9712
8520
2154
9581
558
9191
5433
6476
3874
7266
2902
1613
7421
3551
9042
4139
3835
1690
1330
6456
3539
8416
5904
3434
5519
7577
7222
8732
9888
9054
5325
5907
9491
262
6674
9125
5058
1341
7685
1460
4884
5867
7462
3502
4130
7332
8523
4062
9167
3836
504
5737
4379
2536
9829
3705
2451
4595
8681
1849
7402
1613
6904
6832
2871
291
1593
2686
4223
8541
7541
658
929
4903
9738
8259
1586
3590
10007
2772
9458
3290
422
6840
7044
4771
9062
8570
9880
5047
2917
6255
6649
7809
8212
505
2206
1129
2010
7174
4824
8976
4792
461
3243
3056
2384
8966
9374
1429
1446
3044
698
4091
7644
8588
6362
3253
2365
7519
4518
4750
10062
1707
7369
4957
9743
1521
9520
4513
5927
1363
2474
4640
380
8450
1885
430
1209
1166
634
1036
316
8620
4838
2780
7477
1369
9684
642
741
8730
7749
5098
9106
7660
1003
2242
2435
5513
3708
3847
4289
4791
7788
6048
5423
2931
8723
6845
4238
5216
6123
1717
7968
837
2960
9183
1244
8107
3226
1309
8948
9941
7065
862
733
7307
1502
2184
1451
1444
1994
7980
7958
4779
8142
2728
3098
1152
6898
3666
9742
9505
4037
7819
1236
9401
6011
9645
8330
9198
1386
8576
5414
2856
6693
527
1618
6190
4473
2212
6071
2610
4768
9030
9168
5612
3546
4426
2816
5297
7643
3267
10061
9569
7660
783
3649
4664
5523
1953
9239
3157
5396
7787
3811
9015
8378
4590
6172
1933
9657
5225
9580
5123
4580
1030
1907
3283
1046
3873
1430
9875
9764
5909
1442
508
5280
9948
8348
1575
4232
2311
8593
5907
6442
10069
2568
5586
1709
4901
1005
9210
2793
9671
9855
1025
7870
1866
1985
4657
6386
986
5197
388
8327
2396
553
326
2394
4842
1020
2114
2249
3703
1034
4723
8127
1078
1130
5272
5303
8370
3084
2020
7215
2604
1170
5034
3331
8578
7270
4388
6955
10169
3171
8699
6047
7621
10184
6480
5442
4408
566
1462
6433
5306
2056
5412
2611
975
4872
6175
9144
5153
9169
1934
637
5380
5519
10006
2118
4018
4675
1714
5222
6506
10154
1756
5587
4963
4756
2524
5278
6422
3342
6213
399
4133
10100
4089
3998
8039
3490
2206
10053
7479
5166
7641
7232
650
3786
4008
902
6227
6155
5916
7968
694
2118
185
5885
7499
1517
2468
6117
9683
9159
5557
666
944
8562
5513
652
5322
1644
6102
7023
9307
6300
1457
2068
8684
10119
526
2222
8383
5569
4274
3354
3470
8752
1430
2841
4228
6443
9022
3807
8394
2111
6420
3120
743
7119
1250
1829
4654
4593
2038
1095
7779
4913
8702
7201
2476
6758
7762
8802
919
9437
4651
728
3852
6967
2217
8496
5436
5846
3924
8208
818
2719
8348
8606
2086
486
5315
4629
5974
5095
1676
9625
4734
9375
1736
9964
3200
1847
2498
5387
3633
4257
7457
779
525
1100
8235
1994
2427
6932
5280
5492
4516
2906
6456
961
7225
3802
764
5354
1689
3642
378
1201
2987
4416
3236
935
2495
1291
669
9496
2873
1593
9471
4100
4474
2902
574
2813
1240
5538
